$ANSIBLE_VAULT;1.1;AES256
37653563333032363633643366313861663930316437616231383565383566623532383630643831
3666356638346235356334323234333036643862313631380a303235363463636563313738643336
36656439653864376136313662643936353733363265303437323065313466306165643739633137
3532636262353131340a616535633933353639626263303266306362383563306636653434356533
65313936326337636135343663326131663531353065323333326536303539653831323763366539
64363739303933393932303262363932373530643330653130393461393036373335393035376439
31326138343731383538386264356266346339396633316135303939643032623965326434316637
33613864303436666366333530613037366464626163333738396666396166643433386538653832
38386663303966346161626162396165376465323466343239346261376133646538363662313638
37653839323535666261363734623730626464636462623566666166363737613831633038643562
33623037316332656166383930343066613638333837366661373538303964373464376234376335
32323737353266666164356239396335326534653138646232346530636337643565336434343539
34613864383737633438343033663364376239373165366638393939343663366365633966343963
37396333303535316538373164376561616331616163663965303037303832303163306634653032
35613339626532303166636266386231373532623431376431326365346264343637333832333734
31336463303437393430643033626634356239386638316463626264316439623739333930333161
39623333653236373532363836303964323864353930353065353836373231633565336135316261
32626433313138323336663564356236383638616337633766336162306239306532373364303733
37613461613962333964323864303233613461323362323931323561336662306665393061346333
30383431623266646537363865313939663765343239303231363334643861356535343638333230
64613561396361373539346563323233343666346334663230373437336365666337663233306263
37346633666635306562663738623334366530633637383038396337313139356539316131613631
62336333316632396366663164353664336664643635373733666335646438653938656331623930
65363939653263353133313964656331316338386138313230313638303863626437386637346662
62353839373531313131326538333864663033613865376632613736623838343264643435666334
63313136626366373263613632303738393936613833366139326465393362623333366331666266
30613165303766343963373765613232343836343235643865393966626164366563616463316435
35653566643133316335
